Welcome to ASCII Minesweeper!
Enter board width (1-26)
10
Enter board height (1-26)
10
Enter mine count (1-100)
10
__|_a_b_c_d_e_f_g_h_i_j_
 a|                     
 b|                     
 c|                     
 d|                     
 e|                     
 f|                     
 g|                     
 h|                     
 i|                     
 j|                     
Enter commands in the form cxy, where 
        c is 'f' (flag) or 'r' (reveal),
        x is the column identifier,
        y is the row identifier.
Enter 'q' to quit.
raa
__|_a_b_c_d_e_f_g_h_i_j_
 a| 0 0 0 0 0 0 1       
 b| 0 0 0 0 1 1 2       
 c| 1 1 1 0 1           
 d|     1 0 1 1 2       
 e| 1 1 1 0 0 0 1       
 f| 0 0 0 0 0 0 2       
 g| 0 0 0 0 0 0 1       
 h| 0 0 0 0 1 1 2       
 i| 0 0 0 0 2           
 j| 0 0 0 0 2           
rad
__|_a_b_c_d_e_f_g_h_i_j_
 a| 0 0 0 0 0 0 1       
 b| 0 0 0 0 1 1 2       
 c| 1 1 1 0 1           
 d| 1   1 0 1 1 2       
 e| 1 1 1 0 0 0 1       
 f| 0 0 0 0 0 0 2       
 g| 0 0 0 0 0 0 1       
 h| 0 0 0 0 1 1 2       
 i| 0 0 0 0 2           
 j| 0 0 0 0 2           
rgc
__|_a_b_c_d_e_f_g_h_i_j_
 a| 0 0 0 0 0 0 1       
 b| 0 0 0 0 1 1 2       
 c| 1 1 1 0 1   1       
 d| 1   1 0 1 1 2       
 e| 1 1 1 0 0 0 1       
 f| 0 0 0 0 0 0 2       
 g| 0 0 0 0 0 0 1       
 h| 0 0 0 0 1 1 2       
 i| 0 0 0 0 2           
 j| 0 0 0 0 2           
rhc
__|_a_b_c_d_e_f_g_h_i_j_
 a| 0 0 0 0 0 0 1       
 b| 0 0 0 0 1 1 2       
 c| 1 1 1 0 1   1 1     
 d| 1   1 0 1 1 2       
 e| 1 1 1 0 0 0 1       
 f| 0 0 0 0 0 0 2       
 g| 0 0 0 0 0 0 1       
 h| 0 0 0 0 1 1 2       
 i| 0 0 0 0 2           
 j| 0 0 0 0 2           
rhb
__|_a_b_c_d_e_f_g_h_i_j_
 a| 0 0 0 0 0 0 1       
 b| 0 0 0 0 1 1 2 2     
 c| 1 1 1 0 1   1 1     
 d| 1   1 0 1 1 2       
 e| 1 1 1 0 0 0 1       
 f| 0 0 0 0 0 0 2       
 g| 0 0 0 0 0 0 1       
 h| 0 0 0 0 1 1 2       
 i| 0 0 0 0 2           
 j| 0 0 0 0 2           
rhd
__|_a_b_c_d_e_f_g_h_i_j_
 a| 0 0 0 0 0 0 1       
 b| 0 0 0 0 1 1 2 2     
 c| 1 1 1 0 1   1 1     
 d| 1   1 0 1 1 2 2     
 e| 1 1 1 0 0 0 1       
 f| 0 0 0 0 0 0 2       
 g| 0 0 0 0 0 0 1       
 h| 0 0 0 0 1 1 2       
 i| 0 0 0 0 2           
 j| 0 0 0 0 2           
rgi
__|_a_b_c_d_e_f_g_h_i_j_
 a| 0 0 0 0 0 0 1       
 b| 0 0 0 0 1 1 2 2     
 c| 1 1 1 0 1   1 1     
 d| 1   1 0 1 1 2 2     
 e| 1 1 1 0 0 0 1       
 f| 0 0 0 0 0 0 2       
 g| 0 0 0 0 0 0 1       
 h| 0 0 0 0 1 1 2       
 i| 0 0 0 0 2   2       
 j| 0 0 0 0 2           
rhf
__|_a_b_c_d_e_f_g_h_i_j_
 a| 0 0 0 0 0 0 1       
 b| 0 0 0 0 1 1 2 2     
 c| 1 1 1 0 1   1 1     
 d| 1   1 0 1 1 2 2     
 e| 1 1 1 0 0 0 1       
 f| 0 0 0 0 0 0 2 2     
 g| 0 0 0 0 0 0 1       
 h| 0 0 0 0 1 1 2       
 i| 0 0 0 0 2   2       
 j| 0 0 0 0 2           
rhh
__|_a_b_c_d_e_f_g_h_i_j_
 a| 0 0 0 0 0 0 1       
 b| 0 0 0 0 1 1 2 2     
 c| 1 1 1 0 1   1 1     
 d| 1   1 0 1 1 2 2     
 e| 1 1 1 0 0 0 1       
 f| 0 0 0 0 0 0 2 2     
 g| 0 0 0 0 0 0 1       
 h| 0 0 0 0 1 1 2 1     
 i| 0 0 0 0 2   2       
 j| 0 0 0 0 2           
rhi
__|_a_b_c_d_e_f_g_h_i_j_
 a| 0 0 0 0 0 0 1       
 b| 0 0 0 0 1 1 2 2     
 c| 1 1 1 0 1   1 1     
 d| 1   1 0 1 1 2 2     
 e| 1 1 1 0 0 0 1       
 f| 0 0 0 0 0 0 2 2     
 g| 0 0 0 0 0 0 1       
 h| 0 0 0 0 1 1 2 1 1   
 i| 0 0 0 0 2   2 0 1   
 j| 0 0 0 0 2   2 0 1   
rig
__|_a_b_c_d_e_f_g_h_i_j_
 a| 0 0 0 0 0 0 1       
 b| 0 0 0 0 1 1 2 2     
 c| 1 1 1 0 1   1 1     
 d| 1   1 0 1 1 2 2     
 e| 1 1 1 0 0 0 1       
 f| 0 0 0 0 0 0 2 2     
 g| 0 0 0 0 0 0 1   1   
 h| 0 0 0 0 1 1 2 1 1   
 i| 0 0 0 0 2   2 0 1   
 j| 0 0 0 0 2   2 0 1   
rjg
__|_a_b_c_d_e_f_g_h_i_j_
 a| 0 0 0 0 0 0 1       
 b| 0 0 0 0 1 1 2 2     
 c| 1 1 1 0 1   1 1     
 d| 1   1 0 1 1 2 2     
 e| 1 1 1 0 0 0 1   2 1 
 f| 0 0 0 0 0 0 2 2 2 0 
 g| 0 0 0 0 0 0 1   1 0 
 h| 0 0 0 0 1 1 2 1 1 0 
 i| 0 0 0 0 2   2 0 1 1 
 j| 0 0 0 0 2   2 0 1   
ric
__|_a_b_c_d_e_f_g_h_i_j_
 a| 0 0 0 0 0 0 1       
 b| 0 0 0 0 1 1 2 2     
 c| 1 1 1 0 1   1 1 1   
 d| 1   1 0 1 1 2 2     
 e| 1 1 1 0 0 0 1   2 1 
 f| 0 0 0 0 0 0 2 2 2 0 
 g| 0 0 0 0 0 0 1   1 0 
 h| 0 0 0 0 1 1 2 1 1 0 
 i| 0 0 0 0 2   2 0 1 1 
 j| 0 0 0 0 2   2 0 1   
rib
__|_a_b_c_d_e_f_g_h_i_j_
 a| 0 0 0 0 0 0 1       
 b| 0 0 0 0 1 1 2 2 2   
 c| 1 1 1 0 1   1 1 1   
 d| 1   1 0 1 1 2 2     
 e| 1 1 1 0 0 0 1   2 1 
 f| 0 0 0 0 0 0 2 2 2 0 
 g| 0 0 0 0 0 0 1   1 0 
 h| 0 0 0 0 1 1 2 1 1 0 
 i| 0 0 0 0 2   2 0 1 1 
 j| 0 0 0 0 2   2 0 1   
rjc
__|_a_b_c_d_e_f_g_h_i_j_
 a| 0 0 0 0 0 0 1       
 b| 0 0 0 0 1 1 2 2 2   
 c| 1 1 1 0 1   1 1 1 1 
 d| 1   1 0 1 1 2 2     
 e| 1 1 1 0 0 0 1   2 1 
 f| 0 0 0 0 0 0 2 2 2 0 
 g| 0 0 0 0 0 0 1   1 0 
 h| 0 0 0 0 1 1 2 1 1 0 
 i| 0 0 0 0 2   2 0 1 1 
 j| 0 0 0 0 2   2 0 1   
rjb
__|_a_b_c_d_e_f_g_h_i_j_
 a| 0 0 0 0 0 0 1       
 b| 0 0 0 0 1 1 2 2 2 1 
 c| 1 1 1 0 1   1 1 1 1 
 d| 1   1 0 1 1 2 2     
 e| 1 1 1 0 0 0 1   2 1 
 f| 0 0 0 0 0 0 2 2 2 0 
 g| 0 0 0 0 0 0 1   1 0 
 h| 0 0 0 0 1 1 2 1 1 0 
 i| 0 0 0 0 2   2 0 1 1 
 j| 0 0 0 0 2   2 0 1   
rja
__|_a_b_c_d_e_f_g_h_i_j_
 a| 0 0 0 0 0 0 1     1 
 b| 0 0 0 0 1 1 2 2 2 1 
 c| 1 1 1 0 1   1 1 1 1 
 d| 1   1 0 1 1 2 2     
 e| 1 1 1 0 0 0 1   2 1 
 f| 0 0 0 0 0 0 2 2 2 0 
 g| 0 0 0 0 0 0 1   1 0 
 h| 0 0 0 0 1 1 2 1 1 0 
 i| 0 0 0 0 2   2 0 1 1 
 j| 0 0 0 0 2   2 0 1   
rjd
__|_a_b_c_d_e_f_g_h_i_j_
 a| 0 0 0 0 0 0 1     1 
 b| 0 0 0 0 1 1 2 2 2 1 
 c| 1 1 1 0 1   1 1 1 1 
 d| 1   1 0 1 1 2 2   1 
 e| 1 1 1 0 0 0 1   2 1 
 f| 0 0 0 0 0 0 2 2 2 0 
 g| 0 0 0 0 0 0 1   1 0 
 h| 0 0 0 0 1 1 2 1 1 0 
 i| 0 0 0 0 2   2 0 1 1 
 j| 0 0 0 0 2   2 0 1   
Congratulations, you won!
